213018699
213013168
213013807
213013823
212565523
212324446
213017296
212280652
213018114
212556983
212557412
213013702
213013802
213018105
213017206
212557438
212557035
213018528
212565552
213017289
213018693
212281165
212324509
213013164
213013669
213013791
213018101
212557053
213017194
213018501
212567704
213018579
212281195
212324606
212565108
213017286
213013135
213013656
213018477
213017175
212324687
213018605
213013782
213013132
212565174
212281244
213017283
212567711
213018090
213013902
212557070
213017164
212577388
213013776
211931232
212565199
213018464
213013122
213018082
213013898
213017156
212568117
212557081
213013769
212324305
213018453
212565385
213013252
213018079
213013107
212557110
213017150
213013887
213018446
212567692
212324338
213013755
213013241
213013092
212565412
212557150
212324355
213017145
213013752
213013865
213013233
212565440
212557178
213018059
212556743
212324396
213018441
213013885
213017134
213017252
213013732
213013219
212556868
213013684
212557236
213018548
212324430
212565470
213013876
213017130
213018742
213013216
213013722
212557322
212556923
213018545
213013711
213018735
212565508
213013816
212565364
210732170
212150876
212649032
211898982
212447551
212913683
212913834
212915873
212917098
212917125
212917368
212669504
212923460
213098890
212929683
212493041
211990751