213642435
213541656
213806755
210976757
210646824
212096161
213499658
210122144
211956825
213526950
213613646
213774882
213102159
213806772
210913156
212639139
213806723
211288014
213806583
213796998
213497435
212903835
213619263
213774840
213805819
213683526
213806667
213784752
212210245
213806338
213806730
213333299
211150353
210721365
213559604
211080194
213801599
213025138
213336460
213803571
212525287
212510119
213064773
210301268
213335982
213272741
213806378
213620542
212098017
213449917
213806788
213806775
211951655
213801602
213041655
210690741
213103488
211883470
212832873
212020534
212602245
213184961
213773435
213759106
213806797
213742342
213806166
212787057
213491005
213791560
211998986
213806795
213806806
213737887
213435665
212657301
213647401
213585355
211102282
211563757
213806756
213429809
213806793
212485444
213499897
211462057
213584221
213299414
213254691
213688351
212370855
213732825
211401596
211888222
213750517
213638742
213750924
213646840
213759880
213508157
213801120
210366205
213580653
213806824
213684637
213599204
213757086
213216355
213780586
213806316
213738515
213791580
212895933
213806832
212761848
213703852
213806827
213791247
213806792
213613021
213744830
213803815
213806782
213806838
213802092
213225088
210388367
213806381
213337792
213797180
213108375
213798030
213527868
213797033
213781795
213710670
213773774
213681656
213806835
213770101
213769935
213796538
213806701
213797503
213607173
210559483
211256908
213628327
213325295
213548102
213564124
213610648
213806477
212719164
213468368
212843770
212801508
211625399
212643475
213755132
213806868
213342362
213185234
210696511
213764187
213806692
213806331
213806591
213780001
213747170
213806629
213780274
213806483
210295937
213806655
213801559
211836280
213806874
213744185
213350207
212876836
213407720
213806877
212456318
213785464
213560855
210988464
213688889
212784298
213378592
213693245
210248568
213480875
213774874
211499707
212944822
213806750
213540903
213090562
213443485
213786651
213646205
213738671
211767795
213711188
213755876
213806920
213806914
213751632
212082474
213603639
210659400
213723138
212364482
213806959
213720799
213806969
213806660
213728733
213664029
212704020
212079679
213804658
213677611
210417924
213806974
213806912
213807000
212290027
211438331
213806996
213391125
210996884
211721629
213669390
213799498
213639454
213806172
211522280
211846038
210794812
211660394
213801026
213722299
213757788
213807882
213807911
210888032
213263570
212842668
211854026
211489752
213802655
211337324
213807917
213582212
213774251
213191927
211744595
210387490
211271264
213292377
211351981
212267395
211372937
213807919
213807920
213788402
211404520
212350926
212883036
213807628
212420718
213503288
213802100
211582044
211258560
212754032
213743338
212061552
213556989
213550756
213532132
213506261
213464530
213463878
213442659
213420080
213394347
213384558
213365630
213325278
213316362
213242571
213232203
213212325
213208836
213196429
213106793
213804534
213615792
213754736
213807849
213571794
213781537
213737839
211195013
211335790
213678708
213793837
213754000
213616840
213622635
212760985
213145092
213805821
213701450
212582120
213797626
212497865
212777877
213739250
213607326
213501094
212538106
213807393
213203772
213807935
213350355
213807421
213495543
213805575
213233772
210639878
213801978
213805122
213606816
213331277
213807510
213731806
213766563
213797750
210467841
211897990
213722790
213804795
213807785
213666062
213806265
213803065
213802078
213798084
211994088
213805454
213453510
213806112
213806765
213690486
212470977
212387037
213638241
213720458
212605938
213470800
213776975
212528399
213726528
213803253
213788501
213801957
213739229
213182177
212656888
213798251
210936907
213798312
213807129
213801629
213778837
213422107
213689570
211249660
213758154
213806374
213806764
212961605
212160331
213534240
213158666
213765947
213099758
213183641
211993907
213807940
211668079
213598187
212210996
213734183
213323918
213426783
213734277
213806847
212203748
213807928
212794887
213776128
213773049
211742250
213802578
212739506
212633348
213807913
213754502
213800659
213580333
213114789
213544061
213807947
213749782
213727223
213805579
210757898
213804603
213781564
213387179
210190199
213805202
212821967
213807878
213344893
211794761
212581872
213803989
213203697
213069454
213802891
210992440
212698177
211333186
211333186
213807775
212205125
213161519
210784639
213130885
213748928
212307456
213159533
213150762
213663368
213743473
213073039
211762649
213546894
213801833
212713081
213802981
212535979
213077062
213779652
213713973
213802343
212904338
213356453
210935052
213482107
213788146
213093781
211634925
213807625
213807937
213296835
213790679
213729686
213805497
213804527
212627542
213613253
211173921
213635322
213801009
213807122
212492500
212924811
210661888
213807958
212779946
213805832
211303177
210697315
212592073
213805699
212299960
212209737
212607934
213226474
211965990
213565584
211954180
213805689
213334522
213807229
212445137
213691904
211218799
213763675
213807969
213805618
213789739
212548275
213111890
212866784
210249502
213807966
211371130
213723875
211646806
213732672
213803927
210950593
212681193
213505262
210031631
213640609
212488130
213803420
213769538
213746903
212589412
213720588
212875368
213585615
211905891
210138071
212192508
213807957
213517409
213384283
213680449
210715384
213749158
210817287
213783482
211988092
212290083
210431306
212790332
211925250
210832814
213806866
213807970
213795551
213633059
212928186
213563711
213262831
210784050
213803722
213798048
213759244
213764100
212199171
213794149
213483711
213754029
213702662
213774315
213803423
211621843
212180109
212047784
213775055
212795067
210115553
213744765
210438607
213003135
213424521
213668163
213011240
213779225
213800018
211952473
213683798
212682486
211610108
213562489
213807979
213799320
213806357
211013686
213469748
213782431
213791018
213805155
212216138
212712520
213783334
213758112
213337570
213801971
211164820
213404639
212724203
213803330
213590131
213807962
211239071
213793393
213221498
212467666
213807884
211583276
211313763
213354177
213704001
213808006
213802336
211834671
212629043
212823581
210725360
211233675
213751304
213639220
213728751
211931671
213786845
213050893
213460141
211117111
213802349
213310039
213805423
213232184
213525308
210479524
213420092
212766958
212118597
211971046
210017310
212472290
212976425
212814928
212694556
212821319
211842219
210813752
212927638
213231989
213180285
213515384
213146474
213804147
213808067
212692637
213804453
213425141
213808048
213807995
213777464
211643985
213803106
213807890
213235071
213237621
213032585
213808037
210806979
213511232
213806248
213807880
211174777
213800115
213785976
213793746
213804805
213095168
213801665
213797941
211549018
213802654
212690027
213778647
212773004
213663206
212741773
213747697
213805573
211054280
210026231
213805391
213808050
213800525
211379173
213545509
211451136
211848026
210636712
212900402
212132004
213406911
211863082
213786296
212975627
213686983
213787414
213650746
213808075
213803219
213492435
213808085
211387806
213807627
212619278
211995610
212424148
213314193
213197357
213804439
212954905
212422500
213180988
210329149
213641585
213807700
213805840
210807589
213802306
213808091
211166720
213762123
213784894
213433975
212723548
213284716
211629248
212744204
213753301
213648364
213537861
213586455
213761287
212790523
213808092
212399122
213808094
213747888
212639164
212923071
213660721
213793473
213808093
213583330
211574895
213806352
213785386
212969059
213785409
213792728
213419541
213790542
212843049
213796977
212878258
213003734
213805527
213255860
213240094
212601707
213797868
213806150
213781866
210797228
211573794
213807080
212600489
213760235
213806313
211872788
211184748
212836512
213208608
213435099
213414628
212856307
212305032
213201496
213709868
213116751
213804136
213808096
213537886
213739004
213808083
211542452
213054283
212274047
213804131
213782375
213664899
212032918
213801644
213101119
212026237
213776933
212099458
213807974
213722914
210443881
213409299
213789083
211310161
211120982
212806147
212798461
212022923
213783092
213795602
213749719
213694016
213766345
212996304
210601946
213808056
213008474
213806501
212501471
213581973
213346667
212908643
213508715
213802874
213137497
211170032
213772176
213727651
213801157
211488298
213801655
212280638
210588824
211600717
213795220
213805186
213804322
211627750
211070320
211633298
210784058
213805106
213204825
213780515
211495566
211460900
213808114
212064121
213607372
213798056
212744373
212817588
213697346
211954136
213798325
213808109
213793347
213616580
211562017
213807401
213807208
213807013
213808124
213799808
213217108
213790967
213403949
212139481
212089527
212450892
213655886
210146587
213778186
213625091
213404778
213768765
212505235
212735718
212845945
213803694
213522760
212651913
211805341
213562947
213509333
213794322
212993340
213377942
213643491
213737570
213683522
213744622
212604789
213154942
213805687
213772055
213769076
213804064
213518940
213027354
213653901
212688081
213789388
213781178
210933473
213352449
213618298
213618662
213779204
211576167
211953211
213789286
213808126
213791157
213459607
211665878
213799491
210011758
211386907
212129486
211249141
213164814
213088039
211809474
213793753
212076811
211868916
213800028
211756261
210243864
213444948
212744477
213798541
213471549
210636045
213794935
211843090
212355002
213774504
211004112
213801922
211931124
213210533
213570026
213545413
213807237
213657448
213601199
213403395
210245017
213004344
213808104
213806965
213797695
213793536
213696442
213771078
210364755
213808130
213291465
213808136
213806578
213799077
212818337
213806054
211375480
213729038
213721970
213805923
213770221
213794638
213808139
213478540
213616600
213808134
210423752
213803440
213808072
213790722
212910460
212347816
213341444
213778793
213800959
212976636
213142177
211755218
213757590
213773262
213800819
211901241
211088045
211872872
213281225
213052823
213807100
213215472
213794776
212886702
213199886
212013469
213785851
213731723
213800853
213806623
213605231
213478051
211149401
212769587
213510453
212397264
210921065
212664314
212175297
213320981
210654611
213602444
213783711
213731228
213401883
213525810
213724021
213784991
211830179
213595762
213283680
212173847
213806831
213795911
211078878
213511859
213631833
213764428
213653793
213749502
213146508
213557851
213784255
213800097
213012176
213795765
212870907
213483104
212779000
213785275
213561701
213605537
210648294
211054590
212470920
213225327
211080229
213683978
213808097
210625415
213490013
213796865
213808143
213775968
212657973
211432228
212906986
213568685
212884505
211046557
213586924
212398981
213808144
210550949
213793587
211977531
213772774
213762253
211639380
210100322
213497580
212991692
213805320
213675776
213715902
212230394
213807379
213413694
213374896
210073525
213753442
213717575
213534104
213804571
213158422
211832578
213804368
213783894
213120636
213007139
213193442
213484061
213586820
210441161
211851918
213808149
211777693
213762085
211971755
212921971
213782696
211065923
212671724
213691040
212270846
213807886
213806214
213354098
213807846
213803597
213803305
213754984
213808128
213765802
211885864
213807905
212715650
213752809
210854030
213328152
213652407
213790727
213808153
213808152
212230343
210501296
212071263
213732460
213679671
213409173
213802250
210673356
213605796
212847153
213803277
213782184
211874459
213804475
213798354
213616881
211955083
211463687
212735928
213804892
213805312
211903969
211374450
210836217
213359855
213807482
213793604
213207478
213684647
213755363
213803142
213803090
213803928
213463450
212465775
211298894
213717983
213808077
213808156
213800487
212316642
210894009
213753399
212397509
213779364
213697228
213797736
213796149
213801793
210869164
213776876
213785336
213662192
212451179
213807855
213798363
213805843
213262518
213793641
213320719
212822965
213682624
213771655
211555850
213565905
211922480
213798361
211690543
213706968
213716650
211959862
212698562
213773979
213281356
213569133
213617377
213351719
213808098
213806734
213805715
213231686
213013874
213436466
213734278
213769342
213808163
213788703
213806353
213398814
213808164
213203639
213807826
212476511
213663648
213797458
213799460
213780688
212595331
213807990
213803981
210512671
213800196
213162745
212398031
210768318
213790932
213770344
213542192
213793704
213807988
213808171
213806360
213021373
213782309
213802360
213806882
211514744
213799487
213591441
213798932
212187319
213236760
213759266
213476799
212715735
213442870
213800973
213666003
213802365
213263680
213799453
213793508
212457278
210440940
213703019
213614367
213804993
213797167
213808172
213805465
213782806
210964422
213148554
212714601
213742237
212887887
212676046
213724097
212570179
213588416
213057535
213632707
211711512
213551503
213798860
212997539
213768787
213804199
213798135
213808178
213705153
213778650
213788397
213068407
213800399
213804992
213758778
213766444
212663971
213122911
212463840
213804424
213803244
213805305
213800426
212535210
213808176
212766283
213799509
213793574
213370768
213719030
211334630
212971742
213716860
213789215
213807101
213803086
212802382
213744132
213159918
213808185
212475292
213806728
213189242
213808200
213013555
213808234
212728838
213807704
212704364
213804858
213800438
213569215
212260364
213776922
213797102
213377997
213589224
213806706
211400090
212200814
213805587
213729139
213628838
213792619
212243757
213448597
213807613
211897138
212144449
212360442
213478494
213747689
213126839
213806899
213729420
213662168
213126839
213686434
213805143
211688014
211201175
213795478
213795358
213795358
213774884
212988587
211182504
212132302
213633662
213546305
213808268
213808264
211121241
213759951
210729706
210918630
213628579
211708666
212692507
213791342
213786948
213808271
213384344
213805377
213808211
213805315
213705465
211980830
213724976
213705465
213807727
213807250
213797124
213808120
213804898
213804898
213670860
213797583
213808273
213807279
213807530
213808249
210640707
212120796
211746566
213746717
213787624
213802264
211857263
212461557
213251426
213686047
212943616
213800470
213803460
213798143
213705915
213778403
213807011
213797690
212175531
211792089
213800144
213712111
210065229
213287922
212994867
213803285
213805973
213798352
213215480
212671604
213755304
213410607
213808278
213385799
212745492
213174994
213474118
212948917
211259453
211297540
213141560
213450782
213766058
213795680
210639747
213808281
213801542
213808230
213808272
212974836
210430400
213808260
213789123
210598706
213786144
213803982
213808280
213739941
213564533
213306639
213308522
210555621
213808267
212548628
211801492
213799579
213374266
212176268
213017550
213806931
213650457
213806470
213747372
212128899
213808252
213794626
213808288
211689126
212753738
213364649
213808251
213772998
210141558
211534272
213699284
213766403
212391441
213675145
213585217
210565838
213778856
211955187
213807611
213594852
213794958
213580612
213390987
212128196
211509248
212942629
213743105
213535441
213795745
211472490
213508410
212545589
213399143
212921423
213565671
213808245
211336832
213730674
211963862
213808289
210840439
213613904
211932648
213804764
213807777
213151757
211244799
213806645
213396554
213396554
213797198
213108957
213776493
212492184
213806337
213808286
213230539
213757175
213138581
213647627
213642965
213801683
212572998
213804907
213697195
213802637
213677886
213807986
212834679
213805521
213722915
213806114
213580266
213496511
213722398
213806743
213808300
211634265
213333524
213808302
212953613
213801703
212575951
213293189
213397139
211567937
212534135
213418308
212254553
213803105
211755728
211470062
213802351
212553223
213445312
212517298
213577744
213757670
213084078
213781489
213763417
213668266
212897460
213756278
211508634
213798857
213801618
213769224
213782836
213789989
213660426
213021867
213797715
213775696
213495045
213808258
211681425
211413488
212301620
213795882
213785874
211556890
210875202
213605927
213664775
213799203
212139142
213579557
213783593
213804036
213808316
212652783
211144636
213808240
213799615
211461856
213442227
213767798
213596852
211418817
213305388
213445604
212067106
213436680
211557911
213808310
211083889
213767668
213800422
213803938
213731535
213308609
213426211
213806987
213780149
211774391
213740718
213749965
213783589
212285439
213808326
213703864
213191994
213808306
213808325
213787413
213806609
213714840
212597204
213475696
213800508
212228671
213808045
210735025
213808332
212371354
212813091
212011932
213793377
213466015
213790677
213805922
211416691
213057485
211167327
213796591
213490790
211998585
213130479
213315638
213787510
213759530
213781167
213805570
213772712
213804493
213752476
212510161
213807317
213683830
213319055
213770540
213785039
213808328
213247178
213786910
213805976
213288605
212674966
213784083
213797472
213795891
213747648
213801954
213632002
213802611
212849642
213786807
212654399
211940161
210767675
213771107
211893141
213658305
213787387
213256850
212162482
213508553
212531960
213373481
213807200
213526126
213490288
213803739
213158977
213733556
213808351
213686495
213799203
213805525
213224939
213804797
212956591
213794684
213649797
213715658
213808350
213784220
213781553
213562956
213596556
213557103
213755568
212988784
213793120
213721570
213631305
213451847
213434867
210655607
213027749
211787493
213808538
213778256
211208882
213808364
213254864
213581774
213713611
213697331
212119105
211663664
213202633
213808544
213638039
213567821
210746006
213287861
213796293
213789886
213110013
213667804
211260331
213808546
213684007
213461577
212358505
213803429
213808469
213749316
213558822
213808493
213422252
213625949
213805564
212256887
213722827
213808557
212472090
213613313
213808566
213776031
213806312
213787040
213802136
213806943
213805253
213658478
213139969
213807306
213808430
213799031
210017283
213575081
212740500
213805935
211266014
213808588
213808406
212707195
213328015
213479520
213803987
213480686
213808522
211108699
213701343
213792380
212379384
213743802
211158713
212930159
211844162
213784265
213724697
213381246
213400249
213068455
213291298
213780038
213740776
212273880
213597643
212343849
213786916
213806517
213804664
213804297
213342971
213778565
213803906
213790083
213184285
213782721
212244046
210063300
213663164
213808483
213808519
213689489
210414040
212927400
213808555
213805774
213808579
213803678
213483683
211732663
212207757
213797606
212795117
213109406
213726426
212447589
213796464
213790292
213804951
213797716
213589400
213795634
213497111
212956255
213803629
213796189
213782401
213807428
213673977
213806190
213298369
213800741
211993927
211454133
213427420
210733045
211527180
210127348
212543990
213368508
213637034
213792703
213473397
213462217
213366378
213286726
213400817
212649738
213808637
213613791
213247366
212553621
211730856
213779133
211918708
213807102
212209367
213807356
213808650
213808631
213536343
213800927
212475872
213776784
211052139
213796861
213808667
213807319
213793260
213808657
213797498
213766362
212873597
211474084
210807149
213059465
210458778
213758135
213743030
213682077
212471185
212484231
213703586
213808697
210879655
210720609
213805662
213681180
213790510
213802931
212486646
212031447
213806543
213801184
213770969
213707851
213741499
213788575
213789400
211039504
213808712
213582541
213782588
213679631
211927236
213806639
213790575
212482043
213802184
213084569
213805789
211814940
213777031
210553234
213783353
213808725
212011585
213808721
213808068
213807703
212268286
213802077
213806237
213630221
211058897
213662702
212944936
213808714
213634965
213803867
213506696
213585820
213556616
213365318
213495960
213684485
211908208
213807274
210397320
213749837
212881825
213698329
212590401
212590382
212596394
212590396
213796174
212590376
213794489
213710528
213228430
211518041
213738459
212513768
210439045
211581823
212618764
212351784
212003583
210641998
213151296
210046624
213764723
212291157
211942372
213592835
211395692
213764767
211237470
213714504
213808760
213783830
212131073
213806221
213797826
213066049
210372468
213808738
213806009
213806427
213786652
213794009
213663619
213452116
213804410
212501316
213803102
213768571
213804885
212612333
213796803
213806675
213721258
213803349
213808808
210726499
213806403
213793006
213805993
212653558
213209934
213765179
212650130
213787004
213805874
213734129
213798285
213796518
213348204
213762070
210834103
210797603
212038976
213769765
213756843
213201771
213808069
213808824
213474695
213806618
213468504
213808795
213748465
213808694
213808850
213438624
212952567
213805757
213798159
213808774
211604282
212975518
213430404
213364321
212996726
213807052
210274920
211125439
212814160
211901974
213800516
213806082
213227759
213700716
213724819
211927512
211613573
212863457
212039789
212172656
213778897
213698020
210919898
213535549
212224108
210823572
213805041
211816478
212061964
213794315
213801900
213750171
212180920
213808360
213761592
213739939
213435040
213808894
213570497
211756857
213808846
213801623
213801882
211295711
213791457
210646651
213795339
213746079
213559851
213793696
213806711
213483870
213267931
213472285
213790413
213760321
213807334
213792899
213481549
213808862
213441252
211806693
213565089
211223307
211407336
213426062
213781973
212946445
212172466
213468552
213748627
213781590
213342313
212133340
212724824
212384544
210631539
210869061
213378462
210663282
213772149
212939730
210400506
213791863
213577146
210820510
212931892
213756712
213240650
213778035
213808424
213734186
213798657
211742047
211817501
213649203
211429925
213808822
212288250
213806411
213333702
211011037
213795102
213512818
212878254
213793225
213252747
212471971
213794768
212968521
211798709
210663298
213808973
213507916
213720338
212800985
213276154
213808984
213773194
211854429
213800628
213808958
213438872
211389166
212836404
213481120
213806201
213766601
211588826
213411043
213808971
213808027
213554398
212579485
213805113
212942167
211435307
213789639
213419968
210984778
213808995
211907749
212125930
212456278
213808999
213808998
213258130
213682998
213803273
212576393
212995509
213673130
213188579
213469011
213808626
213808978
213529760
213804513
213808891
210685059
213809028
213781043
213803701
213757125
213809036
211010687
213519082
212353594
213754083
211754371
213802312
213792299
212686573
213808000
213774723
210585096
213309911
213718402
213808976
213698205
211445175
213694452
213800019
212866583
213809035
212945571
213143898
213809087
212879373
213449050
213697933
213809043
213806892
213809034
213804920
212646088
213804977
212555591
213807435
213809084
213809083
213805204
213809024
213713706
213730371
212036009
213809030
213806633
212318711
213742007
213159206
213805991
213599090
213734163
213558696
213686016
213318146
213614140
213803542
213809089
213803645
213767982
213741208
213729940
213809058
213808873
213317796
213795471
213796940
213363525
213760153
213755332
213806659
213157350
211435927
213743537
211928690
213799254
210401411
213696996
213808951
213809106
210582795
213800128
213808051
213807934
212507790
213712964
213803337
212708479
212961885
213803549
213658817
213221220
213809116
213630363
212810112
213807049
213786413
213805848
213805050
213479052
213804956
213254765
211832161
213026070
213745373
213804256
213806178
213809126
213292779
213799468
213803893
212875623
213556182
213309822
213807763
213787848
213799807
213793283
213809132
213799182
211099692
213303765
213789204
213805309
213808653
213808716
213803458
213798059
211146018
213808792
213667310
213591484
213809096
213790039
213807292
213512719
211230454
212798863
213756368
213809130
212417307
213804811
213797667
212737762
213758125
211649580
213718340
213281441
213805955
212148249
213688342
213808625
213782785
213506081
213802227
211940449
213065461
213723014
213013300
213110366
213806412
213699174
213316091
213809188
212571711
213806257
211133907
212823882
213783761
213676811
213394812
213086459
213798204
212782651
211433486
212931539
213012821
213643852
212729580
213729291
212295713
213809155
213428311
213277067
210580402
213809249
211516589
213809253
213785102
213529653
213349020
213801692
